Mac Mahon (6x4 toric with 3 signed values)
# 1 white; 2 red; 3 blue
A  2  1  1 -1
B  3 -1  1 -1
C  3  2  2 -2
D -1  2 -3  3
E  3 -2 -1 -2
F -3  3  3  3
G -2  1 -1 -2
H  3  1 -1 -3
I -3 -2 -2 -3
J  2  1  3 -3
K -2  3  1  3
L  2 -2 -2  2
M -2  1  2  2
N -3 -1 -3 -3
O -3  2 -3  3
P -3  1  2  2
Q  1  1  1 -1
R  1 -1 -3 -2
S  1  2 -1  2
T -1  3 -1  3
U -2  3  2 -3
V  1  3 -2  2  
W -1 -2 -1 -3
X -1  1 -2 -3
#
# +----------++----------++----------++----------++----------++----------+
# |     2    ||     3    ||    -1    ||     2    ||     3    ||     2    |
# |-1 [A0]  1||-1 [B0] -1|| 1 [G2] -2|| 2 [P1] -3|| 3 [F2]  3||-3 [J0]  1|
# |     1( 1)||     1( 1)||    -2( 1)||     1( 1)||    -3( 1)||     3( 1)|
# +----------++----------++----------++----------++----------++----------+
# |    -1    ||    -1    ||     2    ||    -1    ||     3    ||    -3    |
# | 1 [R3] -3|| 3 [T0]  3||-3 [O3] -3|| 3 [D0]  2||-2 [K3]  1||-1 [W1] -1|
# |    -2( 1)||    -1( 1)||     3( 1)||    -3( 1)||     3( 1)||    -2( 1)|
# +----------++----------++----------++----------++----------++----------+
# |     2    ||     1    ||    -3    ||     3    ||    -3    ||     2    |
# | 2 [C2] -2|| 2 [S0]  2||-2 [X1] -1|| 1 [V3] -2|| 2 [U1] -2|| 2 [L0] -2|
# |     3( 1)||    -1( 1)||     1( 1)||     2( 1)||     3( 1)||    -2( 1)|
# +----------++----------++----------++----------++----------++----------+
# |    -3    ||     1    ||    -1    ||    -2    ||    -3    ||     2    |
# |-2 [I1] -3|| 3 [H3] -1|| 1 [Q1]  1||-1 [E1]  3||-3 [N0] -1|| 1 [M2]  2|
# |    -2( 1)||    -3( 1)||     1( 1)||    -2( 1)||    -3( 1)||    -2( 1)|
# +----------++----------++----------++----------++----------++----------+

